INSERT INTO `emissions`  VALUES (2019, 178955, 170602, 42678, 570176, 4396, 77915, 42, 284576, 7847, 1158232);
INSERT INTO `emissions`  VALUES (2018, 169961, 165523, 41759, 534450, 4396, 75427, 42, 278212, 7580, 1107389);
INSERT INTO `emissions`  VALUES (2017, 152992, 147148, 38672, 498407, 4947, 69620, 42, 266707, 6709, 1032252);
INSERT INTO `emissions`  VALUES (2016, 148000, 131662, 39511, 466982, 0, 0, 0, 179003, 3042, 820200);
INSERT INTO `emissions`  VALUES (2015, 139000, 131662, 39511, 466982, 0, 0, 0, 179003, 3042, 820200);
INSERT INTO `emissions`  VALUES (2014, 129000, 112602, 34568, 440950, 0, 0, 0, 152336, 2898, 743354);
INSERT INTO `emissions`  VALUES (2013, 116431, 97276, 30087, 440949, 0, 0, 0, 147446, 2898, 718656);
INSERT INTO `emissions`  VALUES (2019, 178955, 170602, 42678, 570176, 4396, 77915, 42, 284576, 7847, 1158232);
INSERT INTO `emissions`  VALUES (2018, 169961, 165523, 41759, 534450, 4396, 75427, 42, 278212, 7580, 1107389);
INSERT INTO `emissions`  VALUES (2017, 152992, 147148, 38672, 498407, 4947, 69620, 42, 266707, 6709, 1032252);
INSERT INTO `emissions`  VALUES (2016, 148000, 131662, 39511, 466982, 0, 0, 0, 179003, 3042, 820200);
INSERT INTO `emissions`  VALUES (2015, 139000, 131662, 39511, 466982, 0, 0, 0, 179003, 3042, 820200);
INSERT INTO `emissions`  VALUES (2014, 129000, 112602, 34568, 440950, 0, 0, 0, 152336, 2898, 743354);
INSERT INTO `emissions`  VALUES (2013, 116431, 97276, 30087, 440949, 0, 0, 0, 147446, 2898, 718656);
